warps:
  TEST:
    world: world
    x: 63.19695241865519
    y: 121.0
    z: 24.819838061347664
    yaw: -149.61067
    pitch: 20.242239
